200000000001
200000000002
200000000003
200000000004
200000000005
200000000006
200000000007
200000000008
200000000009
200000000010
200000000011
200000000012
200000000013
200000000014
200000000015
200000000016
200000000017
200000000018
200000000019
200000000020
200000000021
200000000022
200000000023
200000000024
200000000025
200000000026
200000000027
200000000028
200000000029
200000000030
200000000031
200000000032
200000000033
200000000034
200000000035
200000000036
200000000037
200000000038
200000000039
200000000040
200000000041
200000000042
200000000043
200000000044
200000000045
200000000046
200000000047
200000000048
200000000049
200000000050
200000000051
200000000052
200000000053
200000000054
200000000055
200000000056
200000000057
200000000058
200000000059
200000000060
200000000061
200000000062
200000000063
200000000064
200000000065
200000000066
200000000067
200000000068
200000000069
200000000070
200000000071
200000000072
200000000073
200000000074
200000000075
200000000076
200000000077
200000000078
200000000079
200000000080
200000000081
200000000082
200000000083
200000000084
200000000085
200000000086
200000000087
200000000088
200000000089
200000000090
200000000091
200000000092
200000000093
200000000094
200000000095
200000000096
200000000097
200000000098
200000000099
200000000100
200000000101
200000000102
200000000103
200000000104
200000000105
200000000106
200000000107
200000000108
200000000109
200000000110
200000000111
200000000112
200000000113
200000000114
200000000115
200000000116
200000000117
200000000118
200000000119
200000000120
200000000121
200000000122
200000000123
200000000124
200000000125
200000000126
200000000127
200000000128
200000000129
200000000130
200000000131
200000000132
200000000133
200000000134
200000000135
200000000136
200000000137
200000000138
200000000139
200000000140
200000000141
200000000142
200000000143
200000000144
200000000145
200000000146
200000000147
200000000148
200000000149
200000000150
200000000151
200000000152
200000000153
200000000154
200000000155
200000000156
200000000157
200000000158
200000000159
200000000160
200000000161
200000000162
200000000163
200000000164
200000000165
200000000166
200000000167
200000000168
200000000169
200000000170
200000000171
200000000172
200000000173
200000000174
200000000175
200000000176
200000000177
200000000178
200000000179
200000000180
200000000181
200000000182
200000000183
200000000184
200000000185
200000000186
200000000187
200000000188
200000000189
200000000190
200000000191
200000000192
200000000193
200000000194
200000000195
200000000196
200000000197
200000000198
200000000199
200000000200
200000000201
200000000202
200000000203
200000000204
200000000205
200000000206
200000000207
200000000208
200000000209
200000000210
200000000211
200000000212
200000000213
200000000214
200000000215
200000000216
200000000217
200000000218
200000000219
200000000220
200000000221
200000000222
200000000223
200000000224
200000000225
200000000226
200000000227
200000000228
200000000229
200000000230
200000000231
200000000232
200000000233
200000000234
200000000235
200000000236
200000000237
200000000238
200000000239
200000000240
200000000241
200000000242
200000000243
200000000244
200000000245
200000000246
200000000247
200000000248
200000000249
200000000250
200000000251
200000000252
200000000253
200000000254
200000000255
200000000256
200000000257
200000000258
200000000259
200000000260
200000000261
200000000262
200000000263
200000000264
200000000265
200000000266
200000000267
200000000268
200000000269
200000000270
200000000271
200000000272
200000000273
200000000274
200000000275
200000000276
200000000277
200000000278
200000000279
200000000280
200000000281
200000000282
200000000283
200000000284
200000000285
200000000286
200000000287
200000000288
200000000289
200000000290
200000000291
200000000292
200000000293
200000000294
200000000295
200000000296
200000000297
200000000298
200000000299
200000000300
200000000301
200000000302
200000000303
200000000304
200000000305
200000000306
200000000307
200000000308
200000000309
200000000310
200000000311
200000000312
200000000313
200000000314
200000000315
200000000316
200000000317
200000000318
200000000319
200000000320
200000000321
200000000322
200000000323
200000000324
200000000325
200000000326
200000000327
200000000328
200000000329
200000000330
200000000331
200000000332
200000000333
200000000334
200000000335
200000000336
200000000337
200000000338
200000000339
200000000340
200000000341
200000000342
200000000343
200000000344
200000000345
200000000346
200000000347
200000000348
200000000349
200000000350
200000000351
200000000352
200000000353
200000000354
200000000355
200000000356
200000000357
200000000358
200000000359
200000000360
200000000361
200000000362
200000000363
200000000364
200000000365
200000000366
200000000367
200000000368
200000000369
200000000370
200000000371
200000000372
200000000373
200000000374
200000000375
200000000376
200000000377
200000000378
200000000379
200000000380
200000000381
200000000382
200000000383
200000000384
200000000385
200000000386
200000000387
200000000388
200000000389
200000000390
200000000391
200000000392
200000000393
200000000394
200000000395
200000000396
200000000397
200000000398
200000000399
200000000400
200000000401
200000000402
200000000403
200000000404
200000000405
200000000406
200000000407
200000000408
200000000409
200000000410
200000000411
200000000412
200000000413
200000000414
200000000415
200000000416
200000000417
200000000418
200000000419
200000000420
200000000421
200000000422
200000000423
200000000424
200000000425
200000000426
200000000427
200000000428
200000000429
200000000430
200000000431
200000000432
200000000433
200000000434
200000000435
200000000436
200000000437
200000000438
200000000439
200000000440
200000000441
200000000442
200000000443
200000000444
200000000445
200000000446
200000000447
200000000448
200000000449
200000000450
200000000451
200000000452
200000000453
200000000454
200000000455
200000000456
200000000457
200000000458
200000000459
200000000460
200000000461
200000000462
200000000463
200000000464
200000000465
200000000466
200000000467
200000000468
200000000469
200000000470
200000000471
200000000472
200000000473
200000000474
200000000475
200000000476
200000000477
200000000478
200000000479
200000000480
200000000481
200000000482
200000000483
200000000484
200000000485
200000000486
200000000487
200000000488
200000000489
200000000490
200000000491
200000000492
200000000493
200000000494
200000000495
200000000496
200000000497
200000000498
200000000499
200000000500
200000000501
200000000502
200000000503
200000000504
200000000505
200000000506
200000000507
200000000508
200000000509
200000000510
200000000511
200000000512
200000000513
200000000514
200000000515
200000000516
200000000517
200000000518
200000000519
200000000520
200000000521
200000000522
200000000523
200000000524
200000000525
200000000526
200000000527
200000000528
200000000529
200000000530
200000000531
200000000532
200000000533
200000000534
200000000535
200000000536
200000000537
200000000538
200000000539
200000000540
200000000541
200000000542
200000000543
200000000544
200000000545
200000000546
200000000547
200000000548
200000000549
200000000550
200000000551
200000000552
200000000553
200000000554
200000000555
200000000556
200000000557
200000000558
200000000559
200000000560
200000000561
200000000562
200000000563
200000000564
200000000565
200000000566
200000000567
200000000568
200000000569
200000000570
200000000571
200000000572
200000000573
200000000574
200000000575
200000000576
200000000577
200000000578
200000000579
200000000580
200000000581
200000000582
200000000583
200000000584
200000000585
200000000586
200000000587
200000000588
200000000589
200000000590
200000000591
200000000592
200000000593
200000000594
200000000595
200000000596
200000000597
200000000598
200000000599
200000000600
200000000601
200000000602
200000000603
200000000604
200000000605
200000000606
200000000607
200000000608
200000000609
200000000610
200000000611
200000000612
200000000613
200000000614
200000000615
200000000616
200000000617
200000000618
200000000619
200000000620
200000000621
200000000622
200000000623
200000000624
200000000625
200000000626
200000000627
200000000628
200000000629
200000000630
200000000631
200000000632
200000000633
200000000634
200000000635
200000000636
200000000637
200000000638
200000000639
200000000640
200000000641
200000000642
200000000643
200000000644
200000000645
200000000646
200000000647
200000000648
200000000649
200000000650
200000000651
200000000652
200000000653
200000000654
200000000655
200000000656
200000000657
200000000658
200000000659
200000000660
200000000661
200000000662
200000000663
200000000664
200000000665
200000000666
200000000667
200000000668
200000000669
200000000670
200000000671
200000000672
200000000673
200000000674
200000000675
200000000676
200000000677
200000000678
200000000679
200000000680
200000000681
200000000682
200000000683
200000000684
200000000685
200000000686
200000000687
200000000688
200000000689
200000000690
200000000691
200000000692
200000000693
200000000694
200000000695
200000000696
200000000697
200000000698
200000000699
200000000700
200000000701
200000000702
200000000703
200000000704
200000000705
200000000706
200000000707
200000000708
200000000709
200000000710
200000000711
200000000712
200000000713
200000000714
200000000715
200000000716
200000000717
200000000718
200000000719
200000000720
200000000721
200000000722
200000000723
200000000724
200000000725
200000000726
200000000727
200000000728
200000000729
200000000730
200000000731
200000000732
200000000733
200000000734
200000000735
200000000736
200000000737
200000000738
200000000739
200000000740
200000000741
200000000742
200000000743
200000000744
200000000745
200000000746
200000000747
200000000748
200000000749
200000000750
200000000751
200000000752
200000000753
200000000754
200000000755
200000000756
200000000757
200000000758
200000000759
200000000760
200000000761
200000000762
200000000763
200000000764
200000000765
200000000766
200000000767
200000000768
200000000769
200000000770
200000000771
200000000772
200000000773
200000000774
200000000775
200000000776
200000000777
200000000778
200000000779
200000000780
200000000781
200000000782
200000000783
200000000784
200000000785
200000000786
200000000787
200000000788
200000000789
200000000790
200000000791
200000000792
200000000793
200000000794
200000000795
200000000796
200000000797
200000000798
200000000799
200000000800
200000000801
200000000802
200000000803
200000000804
200000000805
200000000806
200000000807
200000000808
200000000809
200000000810
200000000811
200000000812
200000000813
200000000814
200000000815
200000000816
200000000817
200000000818
200000000819
200000000820
200000000821
200000000822
200000000823
200000000824
200000000825
200000000826
200000000827
200000000828
200000000829
200000000830
200000000831
200000000832
200000000833
200000000834
200000000835
200000000836
200000000837
200000000838
200000000839
200000000840
200000000841
200000000842
200000000843
200000000844
200000000845
200000000846
200000000847
200000000848
200000000849
200000000850
200000000851
200000000852
200000000853
200000000854
200000000855
200000000856
200000000857
200000000858
200000000859
200000000860
200000000861
200000000862
200000000863
200000000864
200000000865
200000000866
200000000867
200000000868
200000000869
200000000870
200000000871
200000000872
200000000873
200000000874
200000000875
200000000876
200000000877
200000000878
200000000879
200000000880
200000000881
200000000882
200000000883
200000000884
200000000885
200000000886
200000000887
200000000888
200000000889
200000000890
200000000891
200000000892
200000000893
200000000894
200000000895
200000000896
200000000897
200000000898
200000000899
200000000900
200000000901
200000000902
200000000903
200000000904
200000000905
200000000906
200000000907
200000000908
200000000909
200000000910
200000000911
200000000912
200000000913
200000000914
200000000915
200000000916
200000000917
200000000918
200000000919
200000000920
200000000921
200000000922
200000000923
200000000924
200000000925
200000000926
200000000927
200000000928
200000000929
200000000930
200000000931
200000000932
200000000933
200000000934
200000000935
200000000936
200000000937
200000000938
200000000939
200000000940
200000000941
200000000942
200000000943
200000000944
200000000945
200000000946
200000000947
200000000948
200000000949
200000000950
200000000951
200000000952
200000000953
200000000954
200000000955
200000000956
200000000957
200000000958
200000000959
200000000960
200000000961
200000000962
200000000963
200000000964
200000000965
200000000966
200000000967
200000000968
200000000969
200000000970
200000000971
200000000972
200000000973
200000000974
200000000975
200000000976
200000000977
200000000978
200000000979
200000000980
200000000981
200000000982
200000000983
200000000984
200000000985
200000000986
200000000987
200000000988
200000000989
200000000990
200000000991
200000000992
200000000993
200000000994
200000000995
200000000996
200000000997
200000000998
200000000999
200000001000
